_viz_0 = nengo_gui.components.HTMLView(env)
_viz_config[_viz_0].x = -0.04480788936053318
_viz_config[_viz_0].y = -0.11035812057931006
_viz_config[_viz_0].width = 0.20062227467149968
_viz_config[_viz_0].height = 0.2187126681799893
_viz_config[_viz_0].label_visible = True
_viz_1 = nengo_gui.components.Slider(proximity_sensors)
_viz_config[_viz_1].max_value = 4
_viz_config[_viz_1].min_value = 0
_viz_config[_viz_1].x = 0.35978513725181055
_viz_config[_viz_1].y = -0.13239610791668477
_viz_config[_viz_1].width = 0.053022269353128315
_viz_config[_viz_1].height = 0.1152073732718894
_viz_config[_viz_1].label_visible = True
_viz_2 = nengo_gui.components.Slider(current_color)
_viz_config[_viz_2].max_value = 1
_viz_config[_viz_2].min_value = 0
_viz_config[_viz_2].x = 0.6003420054839841
_viz_config[_viz_2].y = -0.12561248441863704
_viz_config[_viz_2].width = 0.053022269353128315
_viz_config[_viz_2].height = 0.1152073732718894
_viz_config[_viz_2].label_visible = True
_viz_3 = nengo_gui.components.Slider(ahead_color)
_viz_config[_viz_3].max_value = 1
_viz_config[_viz_3].min_value = 0
_viz_config[_viz_3].x = 0.8285460380324734
_viz_config[_viz_3].y = -0.15596733731679074
_viz_config[_viz_3].width = 0.053022269353128315
_viz_config[_viz_3].height = 0.1152073732718894
_viz_config[_viz_3].label_visible = True
_viz_net_graph = nengo_gui.components.NetGraph()
_viz_progress = nengo_gui.components.Progress()
_viz_config[_viz_progress].x = 0
_viz_config[_viz_progress].y = 0
_viz_config[_viz_progress].width = 100
_viz_config[_viz_progress].height = 100
_viz_config[_viz_progress].label_visible = True
_viz_sim_control = nengo_gui.components.SimControl()
_viz_config[_viz_sim_control].shown_time = 0.5
_viz_config[_viz_sim_control].kept_time = 4.0
_viz_config[ahead_color].pos=(0.5, 0.847457627118644)
_viz_config[ahead_color].size=(0.3076923076923077, 0.06779661016949151)
_viz_config[current_color].pos=(0.5, 0.6271186440677965)
_viz_config[current_color].size=(0.3076923076923077, 0.06779661016949151)
_viz_config[env].pos=(0.5, 0.18861944579667678)
_viz_config[env].size=(0.3076923076923077, 0.10387368308481237)
_viz_config[model].pos=(0.3397050800988577, 0.48794290717314814)
_viz_config[model].size=(0.6178674055101365, 0.6178674055101365)
_viz_config[model].expanded=True
_viz_config[model].has_layout=True
_viz_config[movement].pos=(0.9084507042253521, 0.38983050847457623)
_viz_config[movement].size=(0.05633802816901409, 0.06779661016949153)
_viz_config[proximity_sensors].pos=(0.0915492957746479, 0.38983050847457623)
_viz_config[proximity_sensors].size=(0.05633802816901409, 0.06779661016949153)
_viz_config[walldist].pos=(0.4504971646062344, 0.3919120083484313)
_viz_config[walldist].size=(0.07042253521126761, 0.0847457627118644)